986324
1: 2 3 799975
2: 1 3
3: 1 2 799975
4: 5
5: 4 6 7 8 9 10 11 12 13 14 17 20 21 39 165548 165558 283861 368352 433609 572128 595749 595781 680785 708646 749291 774579 787018 798415 803534
6: 5 39
7: 5 8 9 10
8: 5 7 9 10
9: 5 7 8 10 11 13 15 16 39 13986 99249 436885 453459 470457 488718 559703 559704 559721 742475 780216
10: 5 7 8 9 39
11: 5 9 13 39
12: 5 39
13: 5 9 11 14 39 65 66 67 71 265337 265384 404330
14: 5 13 39 572128 749291 787018 803534
15: 9 16
16: 9 15
17: 5 39 368352 787018
18: 19 34
19: 18 34
