986207
S: 569251 569253 569261 569268 569276 569284 569290 569293 569294 569295 569305 569307 569309 569314 569318 569329 569340 569343 569344 569346 569355 569356 
C: 569242 569243 569244 569245 569246 569247 569248 569249 569250 569252 569254 569255 569256 569257 569258 569259 569260 569262 569263 569264 569265 569266 569267 569269 569270 569271 569272 569273 569274 569275 569277 569278 569279 569280 569281 569282 569283 569285 569286 569287 569288 569289 569291 569292 569296 569297 569298 569300 569301 569302 569303 569304 569306 569308 569310 569311 569312 569313 569315 569316 569317 569319 569320 569321 569322 569323 569324 569325 569326 569327 569328 569330 569331 569332 569333 569334 569335 569336 569337 569338 569339 569341 569342 569345 569347 569348 569349 569350 569351 569352 569353 569354 569411 
S: 569243 569245 569246 569247 569262 569264 569270 569271 569277 569281 569282 569283 569285 569289 569291 569292 569296 569297 569298 569304 569306 569310 569312 569313 569316 569317 569320 569321 569322 569323 569324 569325 569326 569327 569328 569331 569332 569333 569334 569335 569339 569341 569342 569348 569350 569354 
C: 569242 569244 569248 569249 569250 569251 569252 569253 569254 569255 569256 569257 569258 569259 569260 569261 569263 569265 569266 569267 569268 569269 569272 569273 569274 569275 569276 569278 569279 569280 569284 569286 569287 569288 569290 569293 569294 569295 569300 569301 569302 569303 569305 569307 569308 569309 569311 569314 569315 569318 569319 569329 569336 569337 569338 569340 569343 569345 569346 569347 569349 569351 569355 
S: 719284 719350 719352 719353 719354 719356 719357 719359 719363 719364 719367 
C: 719281 719282 719283 719285 719286 719287 719288 719289 719290 719291 719292 719293 719294 719295 719296 719297 719298 719299 719300 719301 719302 719303 719304 719305 719306 719307 719308 719309 719310 719311 719312 719313 719314 719315 719316 719317 719318 719319 719320 719321 719322 719323 719324 719325 719326 719327 719328 719329 719330 719331 719332 719333 719334 719335 719336 719337 719338 719339 719340 719341 719342 719343 719344 719345 719346 719347 719348 719349 719351 719355 719358 719360 719361 719362 719365 719366 719368 719369 719370 719371 719372 719373 719374 719375 719376 719377 719378 719379 719380 719381 719382 719383 719384 719385 719386 719387 719388 719389 719390 719391 719392 719393 719394 719395 719396 
S: 719297 719298 719299 719300 719301 719302 719304 719305 719306 719307 719308 719309 719310 719311 719314 719315 719317 719318 719321 719322 719323 719324 719326 719327 719328 719329 719330 719331 719332 719333 719334 719335 719336 719337 719338 719339 719341 719343 719344 719345 719346 719347 719348 719360 719361 719362 719369 719372 719373 719374 719379 
C: 719284 719285 719286 719287 719288 719289 719290 719291 719292 719293 719294 719295 719296 719303 719312 719313 719316 719319 719320 719325 719340 719342 719349 719350 719351 719352 719353 719354 719355 719356 719357 719358 719359 719363 719364 719365 719366 719367 719368 719370 719371 719375 719376 719377 719378 719380 719381 719382 719383 719384 719385 
S: 719291 719293 719312 719313 719316 719320 719340 719342 719349 719351 719355 719365 719366 719368 719371 719383 719384 
C: 719284 719285 719286 719287 719288 719289 719290 719292 719294 719295 719296 719297 719298 719299 719300 719301 719302 719303 719304 719305 719306 719307 719308 719309 719310 719311 719314 719315 719317 719318 719319 719321 719322 719323 719324 719325 719326 719327 719328 719329 719330 719331 719332 719333 719334 719335 719336 719337 719338 719339 719341 719343 719344 719345 719346 719347 719348 719350 719352 719353 719354 719356 719357 719358 719359 719360 719361 719362 719363 719364 719367 719369 719370 719372 719373 719374 719375 719376 719377 719378 719379 719380 719381 719382 719385 
S: 603440 603441 603442 603443 603444 603445 603446 603447 603448 603449 603450 603451 603452 603453 603454 603455 603456 603457 603458 603459 603460 603461 603462 603463 603464 603465 603466 603467 603468 603469 603470 603471 
C: 581304 603409 603410 603411 603412 603413 603414 603415 603416 603417 603418 603419 603420 603421 603422 603423 603424 603425 603426 603427 603428 603429 603430 603431 603432 603433 603434 603435 603436 603437 603438 603439 
S: 607205 607206 607207 607208 607209 607210 607211 607212 607213 607214 607216 607218 607219 607220 607221 607222 607223 607224 607225 607226 607227 607228 607229 607230 607231 607232 607233 607234 607235 607236 607237 607238 607239 607240 607241 607242 607243 607244 607245 607246 607247 607248 607249 607250 607251 607252 607253 607255 607256 607257 607258 607259 607260 607261 607262 607263 607264 607265 607266 607267 
C: 607149 607150 607151 607152 607153 607154 607155 607156 607157 607158 607159 607160 607161 607162 607163 607164 607165 607166 607167 607168 607169 607170 607171 607172 607173 607174 607175 607176 607177 607178 607179 607180 607181 607182 607183 607184 607185 607186 607187 607188 607189 607190 607191 607192 607193 607194 607195 607196 607197 607198 607199 607200 607201 607202 607203 607204 607215 607217 607254 
S: 751286 751287 751289 751290 751291 751292 751294 751295 751296 751297 751298 751299 751300 751301 751302 751303 751304 751305 751306 751307 751308 751309 751310 751312 751313 751314 751315 751316 751317 751320 751321 751323 751324 751326 751327 751328 751329 751331 751332 751333 751334 751335 751336 
C: 719380 719381 719382 751220 751261 751262 751263 751264 751265 751266 751267 751268 751269 751270 751271 751272 751273 751274 751275 751276 751277 751278 751279 751280 751281 751282 751283 751284 751285 751288 751293 751311 751318 751319 751322 751325 751330 751337 751338 751339 751340 752041 
S: 752611 752613 752614 752615 752620 752622 752623 752625 752626 752627 752629 752630 752633 752635 752640 752643 752644 752648 752649 752650 752651 752652 752653 752657 752658 752660 752666 752668 
C: 569354 751268 752041 752610 752612 752616 752617 752618 752619 752621 752624 752628 752631 752632 752634 752636 752637 752638 752639 752641 752642 752645 752646 752647 752654 752655 752656 752659 752661 752662 752663 752664 752665 752667 752669 752670 752671 
S: 615097 615098 615099 615100 615101 615102 615103 615104 615105 615106 615107 615108 615109 615110 615111 615112 615113 615114 615115 615116 615118 615119 615120 615121 615122 615123 615124 615125 615126 615127 615128 615129 615130 615131 615133 615134 615136 615137 
C: 615065 615066 615067 615068 615069 615070 615071 615072 615073 615074 615075 615076 615077 615078 615079 615080 615081 615082 615083 615084 615085 615086 615087 615088 615089 615090 615091 615092 615093 615094 615095 615096 615117 615132 615135 615138 615139 
S: 569242 569248 569249 569250 569252 569254 569259 569260 569263 569266 569267 569272 569273 569275 569279 569286 569287 569288 569300 569301 569302 569308 569311 569319 569337 569345 569347 569349 
C: 569243 569244 569245 569246 569247 569251 569253 569255 569256 569257 569258 569261 569262 569264 569265 569268 569269 569270 569271 569274 569276 569277 569278 569281 569282 569283 569284 569285 569289 569290 569291 569292 569293 569294 569295 569296 569297 569298 569299 569303 569304 569305 569306 569307 569309 569310 569312 569313 569314 569315 569316 569317 569318 569320 569321 569322 569323 569324 569325 569326 569327 569328 569329 569331 569332 569333 569334 569335 569336 569338 569339 569340 569341 569342 569343 569344 569346 569348 569350 569351 569354 569355 569356 
S: 607149 607150 607151 607152 607153 607154 607155 607156 607157 607158 607159 607160 607161 607162 607163 607164 607165 607166 607167 607168 607169 607170 607171 607172 607173 607174 607175 607176 607177 607178 607179 607180 607181 607182 607183 607184 607185 607186 607187 607188 607189 607190 607191 607192 607193 607194 607195 607196 607197 607198 607199 607200 607201 607202 607203 607204 607215 607217 607254 
C: 607205 607206 607207 607208 607209 607210 607211 607212 607213 607214 607216 607218 607219 607220 607221 607222 607223 607224 607225 607226 607227 607228 607229 607230 607231 607232 607233 607234 607235 607236 607237 607238 607239 607240 607241 607242 607243 607244 607245 607246 607247 607248 607249 607250 607251 607252 607253 607255 607256 607257 607258 607259 607260 607261 607262 607263 607264 607265 607266 607267 
S: 491280 491285 491286 491289 491293 491302 491303 491305 491307 491308 491310 491311 491312 491314 491316 491319 491321 491323 491326 491333 
C: 491233 491234 491241 491242 491243 491250 491252 491255 491256 491257 491265 491266 491267 491268 491269 491270 491271 491272 491273 491274 491275 491276 491277 491278 491279 491281 491282 491283 491284 491287 491288 491290 491291 491292 491294 491295 491296 491297 491298 491299 491300 491301 491304 491306 491309 491313 491315 491317 491318 491320 491322 491324 491325 491327 491328 491329 491330 491331 491332 491334 491335 491336 491337 491338 491339 491340 491341 491342 491343 491344 491345 491346 
S: 719285 719287 719288 719289 719290 719295 719296 719303 719325 719370 719380 719381 
C: 719284 719286 719291 719292 719293 719294 719297 719298 719299 719300 719301 719302 719304 719305 719306 719307 719308 719309 719310 719311 719312 719313 719314 719315 719316 719317 719318 719319 719320 719321 719322 719323 719324 719326 719327 719328 719329 719330 719331 719332 719333 719334 719335 719336 719337 719338 719339 719340 719341 719342 719343 719344 719345 719346 719347 719348 719349 719350 719351 719352 719353 719354 719355 719356 719357 719358 719359 719360 719361 719362 719363 719364 719365 719366 719367 719368 719369 
S: 751262 751266 751267 751270 751272 751274 751275 751277 751278 751284 751293 751311 751318 751319 751337 751338 751339 
C: 719380 719381 719382 751220 751261 751263 751264 751265 751268 751269 751271 751273 751276 751279 751280 751281 751282 751283 751285 751286 751287 751288 751289 751290 751291 751292 751294 751295 751296 751297 751298 751299 751300 751301 751302 751303 751304 751305 751306 751307 751308 751309 751310 751312 751313 751314 751315 751316 751317 751320 751321 751322 751323 751324 751325 751326 751327 751328 751329 751330 751331 751332 751333 751334 751335 751336 751340 752041 
S: 615065 615066 615067 615069 615070 615071 615072 615073 615074 615076 615077 615078 615079 615080 615081 615082 615083 615084 615085 615086 615087 615088 615089 615090 615091 615092 615093 615094 615095 615096 615117 615132 
C: 615068 615075 615097 615098 615099 615100 615101 615102 615103 615104 615105 615106 615107 615108 615109 615110 615111 615112 615113 615114 615115 615116 615118 615119 615120 615121 615122 615123 615124 615125 615126 615127 615128 615129 615130 615131 615133 615134 615135 615136 615137 615138 615139 
S: 603412 603413 603414 603415 603416 603417 603419 603421 603423 603424 603425 603426 603427 603429 603432 603433 603434 603435 603436 603437 603438 603439 
C: 581304 603409 603410 603411 603418 603420 603422 603428 603430 603431 603440 603441 603442 603443 603444 603445 603446 603447 603448 603449 603450 603451 603452 603453 603454 603455 603456 603457 603458 603459 603460 603461 603462 603463 603464 603465 603466 603467 603468 603469 603470 603471 
S: 751220 751261 751263 751265 751268 751269 751271 751273 751276 751280 751281 751282 751283 751285 751288 751322 751325 
C: 719380 719381 719382 751262 751266 751267 751270 751272 751274 751275 751277 751278 751284 751286 751287 751289 751290 751291 751292 751293 751294 751295 751296 751297 751298 751299 751300 751301 751302 751303 751304 751305 751306 751307 751308 751309 751310 751311 751312 751313 751314 751315 751316 751317 751318 751319 751320 751321 751323 751324 751326 751327 751328 751329 751330 751331 751332 751333 751334 751335 751336 751337 751338 751339 
S: 491255 491256 491258 491259 491260 491261 491262 491268 491270 491278 491281 491282 491283 491284 491290 491291 491292 491296 491297 491298 491300 491301 491306 491313 491315 491320 491322 491324 491332 491334 491337 491338 491339 491340 491341 491342 491343 491345 491346 
C: 491280 491285 491287 491289 491293 491294 491299 491302 491303 491305 491307 491308 491309 491310 491311 491312 491314 491316 491317 491318 491319 491321 491323 491325 491326 491328 491330 491333 491336 
S: 607175 607176 607177 607178 607181 607182 607183 607184 607185 607186 607187 607188 607189 607190 607191 607192 607193 607194 607195 607196 607197 607198 607199 607200 607201 607202 607203 607204 607215 607217 
C: 607149 607150 607151 607152 607153 607154 607155 607156 607157 607158 607159 607160 607161 607162 607163 607164 607165 607166 607167 607168 607169 607170 607171 607172 607173 607174 607179 607180 607254 
S: 607235 607236 607237 607238 607239 607240 607241 607242 607243 607244 607245 607246 607247 607248 607249 607250 607251 607252 607253 607255 607256 607257 607258 607260 607261 607262 607263 607264 607266 607267 
C: 607205 607206 607207 607208 607209 607210 607211 607212 607213 607214 607216 607218 607219 607220 607221 607222 607223 607224 607225 607226 607227 607228 607229 607230 607231 607232 607233 607234 607259 607265 
S: 569244 569255 569256 569257 569258 569265 569269 569274 569278 569303 569315 569336 569338 
C: 569242 569243 569245 569246 569247 569248 569249 569250 569251 569252 569253 569254 569259 569260 569261 569262 569263 569264 569266 569267 569268 569270 569271 569272 569273 569275 569276 569277 569279 569281 569282 569283 569284 569285 569286 569287 569288 569289 569290 569291 569292 569293 569294 569295 569296 569297 569298 569299 569300 569301 569302 569304 569305 569306 569307 569308 569309 569310 569311 569312 569313 569314 569316 569317 569318 569319 569320 569321 569322 569323 569324 569325 569326 569327 569328 569329 569330 569331 569332 569333 569334 569335 569337 569339 569340 569341 569342 569343 569344 569345 569346 569347 569348 569349 569350 569351 569352 569353 569354 569355 569356 
S: 751268 752610 752612 752617 752619 752631 752632 752637 752638 752639 752647 752654 752655 752659 752663 752664 752667 752671 
C: 569354 752041 752611 752613 752614 752615 752616 752618 752620 752621 752622 752623 752624 752625 752626 752627 752628 752629 752630 752633 752634 752635 752636 752640 752641 752642 752643 752644 752645 752646 752648 752649 752650 752651 752652 752653 752656 752657 752658 752660 752661 752662 752665 752666 752668 752669 752670 
S: 607150 607151 607152 607153 607154 607155 607156 607157 607158 607160 607161 607162 607163 607164 607165 607166 607167 607168 607169 607170 607171 607172 607173 607174 607179 607180 
C: 607149 607159 607175 607176 607177 607178 607181 607182 607183 607184 607185 607186 607187 607188 607189 607190 607191 607192 607193 607194 607195 607196 607197 607198 607199 607200 607201 607202 607203 607204 607215 607217 607254 
