49 126 127 362 700 949 
(45,12) (211,12) (230,6) (792,7) 
219 288 629 661 685 932 984 
(245,13) (290,9) (405,14) (531,10) 
54 70 79 84 228 414 492 560 699 875 908 
(632,11) (645,11) 
247 357 419 503 566 924 
(25,9) (109,12) (180,13) (611,10) (914,12) 
157 295 351 415 514 617 644 821 897 
(138,9) (219,7) (577,8) 
35 189 262 312 533 910 945 
(75,11) (163,7) (341,6) (780,14) 
102 213 448 520 714 785 838 
(409,8) (546,15) (853,14) (942,12) 
125 149 196 441 489 564 565 630 
(158,10) (226,14) (371,9) (704,8) 
65 242 279 304 404 476 595 659 793 890 
(169,13) (465,11) (672,12) 
15 22 51 63 172 193 326 396 629 
(139,7) (860,10) (969,8) 
235 358 420 437 444 521 634 757 
(137,8) (533,6) (811,12) 
26 337 412 425 517 651 705 959 965 
(62,13) (171,15) (475,11) 
174 271 645 752 760 801 
(115,10) (176,11) (281,8) (307,9) (589,7) 
205 234 603 802 842 856 889 907 
(42,7) (966,12) (968,12) 
47 92 179 216 274 539 752 811 960 
(531,15) (728,7) (886,9) 
15 129 330 523 597 713 734 759 
(515,12) (577,6) (976,14) 
4 176 190 371 433 472 674 887 
(198,11) (284,7) (374,10) (439,6) 
37 178 295 368 571 584 595 666 905 
(99,10) (125,11) (949,6) 
322 426 518 768 835 876 882 938 990 
(356,11) (393,13) (924,14) 
2 303 317 541 573 608 810 889 996 
(193,11) (304,9) (961,10) 
81 157 295 393 414 477 726 737 786 860 
(99,12) (267,12) (429,9) 
2 70 153 262 344 561 624 958 973 
(152,11) (504,10) (759,10) 
43 102 106 138 494 806 817 850 871 873 
(55,5) (96,6) (358,9) 
40 318 451 470 777 942 948 
(445,9) (556,12) (583,8) (599,10) 
342 390 445 451 540 848 
(104,9) (282,11) (556,11) (611,10) 
63 294 311 421 423 445 602 679 833 990 999 
(305,9) (765,11) 
47 217 318 330 510 
(379,10) (716,12) (722,12) (773,14) (883,7) 
167 289 417 455 510 586 
(560,5) (838,13) (881,8) (890,8) (890,9) 
236 679 813 924 940 956 
(39,7) (116,6) (472,5) (663,14) (953,12) 
262 375 534 684 745 887 
(97,11) (141,9) (552,9) (991,10) 
