S: 37 295
C: (99,10) (125,11) (949,6)
S: 571 595 666 905
C: (99,10) (125,11) (949,6)
S: 178 368 584
C: (99,10) (125,11) (949,6)
S: 26 337 412 425 517 651 705 959 965
C: (62,13) (171,15) (475,11)
S: 523 597 713
C: (515,12) (577,6) (976,14)
S: 15 129 330 734 759
C: (515,12) (577,6) (976,14)
S: 48 380
C: (503,10) (621,12) (699,7)
S: 804 873
C: (56,9) (748,10) (763,8)
S: 106 817
C: (55,5) (96,6) (358,9) (783,8)
S: 205 234 856 889
C: (42,7) (966,12) (968,12)
S: 22 63 172 193 326 396 629
C: (139,7) (860,10) (969,8)
S: 294 421 423 679 833 990 999
C: (305,9) (765,11)
S: 102 448 520
C: (409,8) (546,15) (853,14) (942,12)
S: 550 672
C: (249,10) (564,11) (985,11)
S: 303 573 608 996
C: (193,11) (304,9) (961,10)
S: 251 989
C: (555,11) (913,9) (944,11)
